986738
565508
553959
949873
865251
27219
181031
632725
9179
74237
994447
665461
624029
31403
464775
330047
66101
529621
752034
338297
635398
107006
580616
913621
357141
223324
130258
310908
548923
812714
138012
67459
246859
424780
885319
446815
906090
574573
88675
776841
182769
867585
775269
163545
495662
811915
728596
928565
479818
237807
634025
484542
826238
118945
461380
460243
280486
7926
262275
991445
65883
556273
728406
37539
533902
396736
3647
393637
184464
843303
536105
429293
120845
992995
52936
503492
340023
34146
799412
562734
669934
613169
8160
254460
755321
178308
448747
446057
236405
452070
559570
845406
827238
218165
288651
969032
113824
149547
960770
381263
