325698
766364
362012
166247
897999
294171
916664
884662
278403
940574
106891
381401
849972
897001
226519
828195
91265
753154
588095
457528
277275
809052
113874
671162
686489
896904
747724
7053
950898
707745
168003
523324
896071
810445
641980
457608
941793
14326
706029
537414
55988
910090
506347
526471
962873
317735
762427
638727
425519
388537
280629
940575
755803
934680
911933
857272
707581
358178
789662
394281
7500
178213
362466
967969
252530
128349
953298
500442
760581
367530
871698
127322
190632
637714
365932
776579
969538
916833
254271
692061
253268
136396
295048
643919
979193
716806
945620
576969
602211
402003
536309
626646
882011
89558
114729
187246
866224
493441
529045
677284
